7.356497
7.918059
9.812418
14.058255
25.258772
104.593036
54.200329
22.429027
14.461569
10.817714
8.717468
7.344274
6.371893
5.644401
5.077831
4.622916
4.248808
3.935183
3.668087
3.437611
3.236516
3.059381
2.902065
2.761345
2.634675
2.520012
2.415699
2.320375
2.232914
2.152373
2.077956
2.008987
1.944889
1.885164
1.829381
1.777165
1.728189
1.682163
1.638834
1.597976
1.559387
1.522890
1.488324
1.455545
1.424422
1.394839
1.366690
1.339877
1.314313
1.289918
1.266619
1.244348
1.223043
1.202649
1.183113
1.164387
1.146425
1.129188
1.112637
1.096736
1.081452
1.066755
1.052617
1.039009
1.025909
1.013291
1.001135
0.989420
0.978128
0.967239
0.956737
0.946606
0.936831
0.927398
0.918295
0.909507
0.901024
0.892835
0.884928
0.877294
64.710834
0.862808
0.855938
0.849306
0.842904
0.836726
0.830765
0.825013
0.819465
0.814115
0.808958
0.803988
0.799200
0.794589
0.790152
0.785883
0.781779
0.777836
0.774050
0.770418
0.766937
0.763602
0.760412
0.757364
0.754454
0.751682
0.749043
0.746536
0.744158
0.741909
0.739785
0.737786
0.735909
0.734153
0.732517
0.731000
0.729599
0.728315
0.727145
0.726090
0.725147
0.724318
0.723600
0.722994
0.722498
0.722113
0.721839
0.721674
0.721619
0.721674
0.721839
0.722113
0.722498
0.722994
0.723600
0.724318
0.725147
0.726090
0.727145
0.728315
0.729599
0.731000
0.732517
0.734153
0.735909
0.737786
0.739785
0.741909
0.744158
0.746536
0.749043
0.751682
0.754454
0.757364
0.760412
0.763602
0.766937
0.770418
0.774050
0.777836
0.781779
0.785883
0.790152
0.794589
0.799200
0.803988
0.808958
0.814115
0.819465
0.825013
0.830765
0.836726
0.842904
0.849306
0.855938
0.862808
64.710834
0.877294
0.884928
0.892835
0.901024
0.909507
0.918295
0.927398
0.936831
0.946606
0.956737
0.967239
0.978128
0.989420
1.001135
1.013291
1.025909
1.039009
1.052617
1.066755
1.081452
1.096736
1.112637
1.129188
1.146425
1.164387
1.183113
1.202649
1.223043
1.244348
1.266619
1.289918
1.314313
1.339877
1.366690
1.394839
1.424422
1.455545
1.488324
1.522890
1.559387
1.597976
1.638834
1.682163
1.728189
1.777165
1.829381
1.885164
1.944889
2.008987
2.077956
2.152373
2.232914
2.320375
2.415699
2.520012
2.634675
2.761345
2.902065
3.059381
3.236516
3.437611
3.668087
3.935183
4.248808
4.622916
5.077831
5.644401
6.371893
7.344274
8.717468
10.817714
14.461569
22.429027
54.200329
104.593036
25.258772
14.058255
9.812418
7.918059
