-0.002734
-0.003840
-0.002387
0.002049
0.011293
0.019542
0.014435
-0.009622
-0.046369
-0.075073
-0.059387
0.033772
0.210328
0.445220
0.689051
0.882686
0.985863
0.993733
0.927288
0.819928
0.703924
0.593679
0.486455
0.376839
0.260336
0.134129
0.002387
-0.129173
-0.259516
-0.383586
-0.500890
-0.610153
-0.708774
-0.794894
-0.867901
-0.926058
-0.967882
-0.993518
-1.002358
-0.993518
-0.967882
-0.926058
-0.867901
-0.794894
-0.708774
-0.610153
-0.500890
-0.383586
-0.259516
-0.130631
-0.000000
0.130631
0.259516
0.383586
0.500890
0.610153
0.708774
0.794894
0.867901
0.926058
0.967882
0.993518
1.002358
0.993518
0.967882
0.926058
0.867901
0.794894
0.708774
0.610153
0.500890
0.383586
0.259516
0.130631
0.000000
-0.130631
-0.259516
-0.383586
-0.500890
-0.610153
-0.708774
-0.794894
-0.867901
-0.926058
-0.967882
-0.993518
-1.002358
-0.993518
-0.967882
-0.926058
-0.867901
-0.794894
-0.708774
-0.610153
-0.500890
-0.383586
-0.259516
-0.130631
-0.000000
0.130631
0.259516
0.383586
0.500890
0.610153
0.708774
0.794894
0.867901
0.926058
0.967882
0.993518
1.002358
0.993518
0.967882
0.926058
0.867901
0.794894
0.708774
0.610153
0.500890
0.383586
0.259516
0.130631
-0.000000
-0.130631
-0.259516
-0.383586
-0.500890
-0.610153
-0.708774
-0.794894
-0.867901
-0.926058
-0.967882
-0.993518
-1.002358
-0.993518
-0.967882
-0.926058
-0.867901
-0.794894
-0.708774
-0.610153
-0.500890
-0.383586
-0.259516
-0.130631
-0.000000
0.130631
0.259516
0.383586
0.500890
0.610153
0.708774
0.794894
0.867901
0.926058
0.967882
0.993518
1.002358
0.993518
0.967882
0.926058
0.867901
0.794894
0.708774
0.610153
0.500890
0.383586
0.259516
0.130631
0.000000
-0.130631
-0.259516
-0.383586
-0.500890
-0.610153
-0.708774
-0.794894
-0.867901
-0.926058
-0.967882
-0.993518
-1.002358
-0.993518
-0.967882
-0.926058
-0.867901
-0.794894
-0.708774
-0.610153
-0.500890
-0.383586
-0.259516
-0.130631
-0.000000
0.130631
0.259516
0.383586
0.500890
0.610153
0.708774
0.794894
0.867901
0.926058
0.967882
0.993518
1.002358
0.993518
0.967882
0.926058
0.867901
0.794894
0.708774
0.610153
0.500890
0.383586
0.259516
0.130631
0.000000
-0.130631
-0.259516
-0.383586
-0.500890
-0.610153
-0.708774
-0.794894
-0.867901
-0.926058
-0.967882
-0.993518
-1.002358
-0.993518
-0.967882
-0.926058
-0.867901
-0.794894
-0.708774
-0.610153
-0.500890
-0.383586
-0.259516
-0.130631
-0.000000
0.130631
0.259516
0.383586
0.500890
0.610153
0.708774
0.794894
0.867901
0.926058
0.967882
0.993518
1.002358
0.993518
