1.500000
0.800103
0.612372
1.385819
0.866025
0.331414
1.060660
0.800103
0.000000
0.574025
0.612372
-0.331414
0.000000
0.331414
-0.612372
-0.574025
0.000000
-0.800103
-1.060660
-0.331414
-0.866025
-1.385819
-0.612372
-0.800103
-1.500000
-0.800103
-0.612372
-1.385819
-0.866025
-0.331414
-1.060660
-0.800103
-0.000000
-0.574025
-0.612372
0.331414
0.000000
-0.331414
0.612372
0.574025
-0.000000
0.800103
1.060660
0.331414
0.866025
1.385819
0.612372
0.800103
1.500000
0.800103
0.612372
1.385819
0.866025
0.331414
1.060660
0.800103
0.000000
0.574025
0.612372
-0.331414
-0.000000
0.331414
-0.612372
-0.574025
0.000000
-0.800103
-1.060660
-0.331414
-0.866025
-1.385819
-0.612372
-0.800103
-1.500000
-0.800103
-0.612372
-1.385819
-0.866025
-0.331414
-1.060660
-0.800103
-0.000000
-0.574025
-0.612372
0.331414
-0.000000
-0.331414
0.612372
0.574025
-0.000000
0.800103
1.060660
0.331414
0.866025
1.385819
0.612372
0.800103
1.500000
0.800103
0.612372
1.385819
0.866025
0.331414
1.060660
0.800103
0.000000
0.574025
0.612372
-0.331414
-0.000000
0.331414
-0.612372
-0.574025
0.000000
-0.800103
-1.060660
-0.331414
-0.866025
-1.385819
-0.612372
-0.800103
-1.500000
-0.800103
-0.612372
-1.385819
-0.866025
-0.331414
-1.060660
-0.800103
-0.000000
-0.574025
-0.612372
0.331414
0.000000
-0.331414
0.612372
0.574025
-0.000000
0.800103
1.060660
0.331414
0.866025
1.385819
0.612372
0.800103
1.500000
0.800103
0.612372
1.385819
0.866025
0.331414
1.060660
0.800103
0.000000
0.574025
0.612372
-0.331414
-0.000000
0.331414
-0.612372
-0.574025
0.000000
-0.800103
-1.060660
-0.331414
-0.866025
-1.385819
-0.612372
-0.800103
-1.500000
-0.800103
-0.612372
-1.385819
-0.866025
-0.331414
-1.060660
-0.800103
-0.000000
-0.574025
-0.612372
0.331414
0.000000
-0.331414
0.612372
0.574025
-0.000000
0.800103
1.060660
0.331414
0.866025
1.385819
0.612372
0.800103
1.500000
0.800103
0.612372
1.385819
0.866025
0.331414
1.060660
0.800103
0.000000
0.574025
0.612372
-0.331414
-0.000000
0.331414
-0.612372
-0.574025
0.000000
-0.800103
-1.060660
-0.331414
-0.866025
-1.385819
-0.612372
-0.800103
-1.500000
-0.800103
-0.612372
-1.385819
-0.866025
-0.331414
-1.060660
-0.800103
-0.000000
-0.574025
-0.612372
0.331414
-0.000000
-0.331414
0.612372
0.574025
-0.000000
0.800103
1.060660
0.331414
0.866025
1.385819
0.612372
0.800103
1.500000
0.800103
0.612372
1.385819
0.866025
0.331414
1.060660
0.800103
0.000000
0.574025
0.612372
-0.331414
-0.000000
0.331414
-0.612372
-0.574025
